camera_matrix:
- - 486.463356695137
  - 0.0
  - 320.8340217195729
- - 0.0
  - 484.459487785205
  - 237.146966413937
- - 0.0
  - 0.0
  - 1.0
distortion_coefficients:
- 0.03971943114956759
- -0.09611237421213116
- 0.000797612784566115
- 0.006233200215942859
- 0.06739483125196517
image_width: 640
image_height: 480
