camera_matrix:
- - 437.9838502428043
  - 0.0
  - 294.0700887254109
- - 0.0
  - 435.0783598104229
  - 246.45015446430133
- - 0.0
  - 0.0
  - 1.0
distortion_coefficients:
- -0.002977006273289238
- -0.827506124753602
- 0.02960475182403894
- -0.0004679586610333091
- 1.6220787055936032
image_width: 640
image_height: 480
